// Homunculus Skill Tree Database
//
// Structure of Database:
// Class,SkillID,MaxLv,NeedLevel,Prerequisite SkillID1,Prerequisite SkillLv1,PrereqSkillID2,PrereqSkillLv2,PrereqSkillID3,PrereqSkillLv3,PrereqSkillID4,PrereqSkillLv4,PrereqSkillID5,PrereqSkillLv5,IntimacyLvReq //SKILLNAME#Skill Name#
//
// 01. Class                    Homunculus ID.
// 02. SkillID                  Skill ID of the homunuculus skill.
// 03. MaxLv                    Maximum level of the homunuculus skill.
// 04. NeedLevel                Homunculus level required for the skill to become available
// 05. Prerequisite SkillID     Homunculus skill required for the skill to become available.
// 06. Prerequisite SkillLv     Level of the required homunculus skill.
// ...
// 15. IntimacyLvReq			Minimum level of intimacy to unlock skill.
//
// NOTE: MAX_PC_SKILL_REQUIRE (typically 5) ID/Lv pairs must be specified.

//Lif
6001,8001,5,0,0,0,0,0,0,0,0,0,0,0,0 //HLIF_HEAL(治愈之手)
6001,8002,5,0,8001,3,0,0,0,0,0,0,0,0,0 //HLIF_AVOID(轻捷移动)
6001,8003,5,0,8001,5,0,0,0,0,0,0,0,0,0 //HLIF_BRAIN(脑手术)
//Amistr
6002,8005,5,0,0,0,0,0,0,0,0,0,0,0,0 //HAMI_CASTLE(位置互换)
6002,8006,5,0,8005,5,0,0,0,0,0,0,0,0,0 //HAMI_DEFENCE(防御力)
6002,8007,5,0,8006,3,0,0,0,0,0,0,0,0,0 //HAMI_SKIN(活命之肤)
//Filir
6003,8009,5,0,0,0,0,0,0,0,0,0,0,0,0 //HFLI_MOON(月光)
6003,8010,5,0,8009,3,0,0,0,0,0,0,0,0,0 //HFLI_FLEET(横越速度)
6003,8011,5,0,8010,3,0,0,0,0,0,0,0,0,0 //HFLI_SPEED(紧急回避)
//Vanilmirth
6004,8013,5,0,0,0,0,0,0,0,0,0,0,0,0 //HVAN_CAPRICE(善变)
6004,8014,5,0,8013,3,0,0,0,0,0,0,0,0,0 //HVAN_CHAOTIC(混乱的祈福)
6004,8015,5,0,8013,5,0,0,0,0,0,0,0,0,0 //HVAN_INSTRUCT(变更指示)
//Lif2
6005,8001,5,0,0,0,0,0,0,0,0,0,0,0,0 //HLIF_HEAL(治愈之手)
6005,8002,5,0,8001,3,0,0,0,0,0,0,0,0,0 //HLIF_AVOID(轻捷移动)
6005,8003,5,0,8001,5,0,0,0,0,0,0,0,0,0 //HLIF_BRAIN(脑手术)
//Amistr2
6006,8005,5,0,0,0,0,0,0,0,0,0,0,0,0 //HAMI_CASTLE(位置互换)
6006,8006,5,0,8005,5,0,0,0,0,0,0,0,0,0 //HAMI_DEFENCE(防御力)
6006,8007,5,0,8006,3,0,0,0,0,0,0,0,0,0 //HAMI_SKIN(活命之肤)
//Filir2
6007,8009,5,0,0,0,0,0,0,0,0,0,0,0,0 //HFLI_MOON(月光)
6007,8010,5,0,8009,3,0,0,0,0,0,0,0,0,0 //HFLI_FLEET(横越速度)
6007,8011,5,0,8010,3,0,0,0,0,0,0,0,0,0 //HFLI_SPEED(紧急回避)
//Vanilmirth2
6008,8013,5,0,0,0,0,0,0,0,0,0,0,0,0 //HVAN_CAPRICE(善变)
6008,8014,5,0,8013,3,0,0,0,0,0,0,0,0,0 //HVAN_CHAOTIC(混乱的祈福)
6008,8015,5,0,8013,5,0,0,0,0,0,0,0,0,0 //HVAN_INSTRUCT(变更指示)
//Lif_H
6009,8001,5,0,0,0,0,0,0,0,0,0,0,0,0 //HLIF_HEAL(治愈之手)
6009,8002,5,0,8001,3,0,0,0,0,0,0,0,0,0 //HLIF_AVOID(轻捷移动)
6009,8003,5,0,8001,5,0,0,0,0,0,0,0,0,0 //HLIF_BRAIN(脑手术)
6009,8004,3,0,0,0,0,0,0,0,0,0,0,0,910 //HLIF_CHANGE(智力变换)
//Amistr_H
6010,8005,5,0,0,0,0,0,0,0,0,0,0,0,0 //HAMI_CASTLE(位置互换)
6010,8006,5,0,8005,5,0,0,0,0,0,0,0,0,0 //HAMI_DEFENCE(防御力)
6010,8007,5,0,8006,3,0,0,0,0,0,0,0,0,0 //HAMI_SKIN(活命之肤)
6010,8008,3,0,0,0,0,0,0,0,0,0,0,0,910 //HAMI_BLOODLUST(血的贪求)
//Filir_H
6011,8009,5,0,0,0,0,0,0,0,0,0,0,0,0 //HFLI_MOON(月光)
6011,8010,5,0,8009,3,0,0,0,0,0,0,0,0,0 //HFLI_FLEET(横越速度)
6011,8011,5,0,8010,3,0,0,0,0,0,0,0,0,0 //HFLI_SPEED(紧急回避)
6011,8012,3,0,0,0,0,0,0,0,0,0,0,0,910 //HFLI_SBR44(S.B.R.44)
//Vanilmirth_H
6012,8013,5,0,0,0,0,0,0,0,0,0,0,0,0 //HVAN_CAPRICE(善变)
6012,8014,5,0,8013,3,0,0,0,0,0,0,0,0,0 //HVAN_CHAOTIC(混乱的祈福)
6012,8015,5,0,8013,5,0,0,0,0,0,0,0,0,0 //HVAN_INSTRUCT(变更指示)
6012,8016,3,0,0,0,0,0,0,0,0,0,0,0,910 //HVAN_EXPLOSION(生物爆炸)
//Lif2_H
6013,8001,5,0,0,0,0,0,0,0,0,0,0,0,0 //HLIF_HEAL(治愈之手)
6013,8002,5,0,8001,3,0,0,0,0,0,0,0,0,0 //HLIF_AVOID(轻捷移动)
6013,8003,5,0,8001,5,0,0,0,0,0,0,0,0,0 //HLIF_BRAIN(脑手术)
6013,8004,3,0,0,0,0,0,0,0,0,0,0,0,910 //HLIF_CHANGE(智力变换)
//Amistr2_H
6014,8005,5,0,0,0,0,0,0,0,0,0,0,0,0 //HAMI_CASTLE(位置互换)
6014,8006,5,0,8005,5,0,0,0,0,0,0,0,0,0 //HAMI_DEFENCE(防御力)
6014,8007,5,0,8006,3,0,0,0,0,0,0,0,0,0 //HAMI_SKIN(活命之肤)
6014,8008,3,0,0,0,0,0,0,0,0,0,0,0,910 //HAMI_BLOODLUST(血的贪求)
//Filir2_H
6015,8009,5,0,0,0,0,0,0,0,0,0,0,0,0 //HFLI_MOON(月光)
6015,8010,5,0,8009,3,0,0,0,0,0,0,0,0,0 //HFLI_FLEET(横越速度)
6015,8011,5,0,8010,3,0,0,0,0,0,0,0,0,0 //HFLI_SPEED(紧急回避)
6015,8012,3,0,0,0,0,0,0,0,0,0,0,0,910 //HFLI_SBR44(S.B.R.44)
//Vanilmirth2_H
6016,8013,5,0,0,0,0,0,0,0,0,0,0,0,0 //HVAN_CAPRICE(善变)
6016,8014,5,0,8013,3,0,0,0,0,0,0,0,0,0 //HVAN_CHAOTIC(混乱的祈福)
6016,8015,5,0,8013,5,0,0,0,0,0,0,0,0,0 //HVAN_INSTRUCT(变更指示)
6016,8016,3,0,0,0,0,0,0,0,0,0,0,0,910 //HVAN_EXPLOSION(生物爆炸)
//Eira
6048,8022,5,128,0,0,0,0,0,0,0,0,0,0,0 	//MH_LIGHT_OF_REGENE(重生之光)
6048,8023,5,114,0,0,0,0,0,0,0,0,0,0,0	//MH_OVERED_BOOST(过量喷射)
6048,8024,10,106,0,0,0,0,0,0,0,0,0,0,0	//MH_ERASER_CUTTER(消除刀刃)
6048,8025,10,121,0,0,0,0,0,0,0,0,0,0,0 	//MH_XENO_SLASHER(消除斩)
6048,8026,5,137,0,0,0,0,0,0,0,0,0,0,0 	//MH_SILENT_BREEZE(寂静微风)
//Bayeri
6049,8031,10,105,0,0,0,0,0,0,0,0,0,0,0 	//MH_STAHL_HORN(撒旦号角:钢铁之角)
6049,8032,5,112,0,0,0,0,0,0,0,0,0,0,0 	//MH_GOLDENE_FERSE(黄金闪:黄金脚后跟)
6049,8033,5,121,0,0,0,0,0,0,0,0,0,0,0 	//MH_STEINWAND(斯坦盘旋:岩石壁)
6049,8034,10,138,0,0,0,0,0,0,0,0,0,0,0	//MH_HEILIGE_STANGE(神圣之枪)
6049,8035,5,130,0,0,0,0,0,0,0,0,0,0,0	//MH_ANGRIFFS_MODUS(安格雷夫冲击:战斗状态)
//Sera
6050,8018,5,132,0,0,0,0,0,0,0,0,0,0,0 	//MH_SUMMON_LEGION(召唤军团)
6050,8019,10,105,0,0,0,0,0,0,0,0,0,0,0 	//MH_NEEDLE_OF_PARALYZE(瘫痪毒药之针)
6050,8020,5,116,0,0,0,0,0,0,0,0,0,0,0 	//MH_POISON_MIST(毒雾)
6050,8021,10,123,0,0,0,0,0,0,0,0,0,0,0 	//MH_PAIN_KILLER(疼痛杀手)
//Dieter
6051,8039,5,122,0,0,0,0,0,0,0,0,0,0,0 	//MH_MAGMA_FLOW(熔浆流)
6051,8040,5,116,0,0,0,0,0,0,0,0,0,0,0 	//MH_GRANITIC_ARMOR(花岗岩防护)
6051,8041,10,109,0,0,0,0,0,0,0,0,0,0,0 	//MH_LAVA_SLIDE(熔岩滑坡)
6051,8042,10,131,0,0,0,0,0,0,0,0,0,0,0 	//MH_PYROCLASTIC(火山碎屑)
6051,8043,5,102,0,0,0,0,0,0,0,0,0,0,0 	//MH_VOLCANIC_ASH(火山灰)
//Elanor
6052,8027,1,100,0,0,0,0,0,0,0,0,0,0,0 	//MH_STYLE_CHANGE(风格转换)
6052,8028,5,100,0,0,0,0,0,0,0,0,0,0,0 	//MH_SONIC_CRAW(音速爪)
6052,8029,10,114,0,0,0,0,0,0,0,0,0,0,0 	//MH_SILVERVEIN_RUSH(银脉激发)
6052,8030,10,128,0,0,0,0,0,0,0,0,0,0,0 	//MH_MIDNIGHT_FRENZY(午夜痴狂)
6052,8036,5,100,0,0,0,0,0,0,0,0,0,0,0 	//MH_TINDER_BREAKER(火种粉碎)
6052,8037,5,112,0,0,0,0,0,0,0,0,0,0,0 	//MH_CBC(C.B.C:连续破击)
6052,8038,5,133,0,0,0,0,0,0,0,0,0,0,0 	//MH_EQC(E.Q.C:永恒快攻)
